1102
40
38
40
40
38
40
40
40
39
40
40
40
33
39
32
37
40
40
35
40
39
36
40
38
40
38
20
23
40
40
40
37
40
32
40
40
36
37
38
38
24
37
40
40
30
39
40
26
38
39
40
31
36
40
36
33
40
40
40
21
37
40
40
34
37
39
38
40
29
28
38
40
35
20
21
31
40
40
40
40
25
40
40
40
38
34
30
34
40
23
32
40
40
40
38
33
40
38
40
32
40
32
30
26
29
39
26
40
34
24
25
40
40
38
38
40
33
39
40
29
40
40
39
40
40
40
40
40
40
40
39
40
40
38
40
40
40
40
39
40
40
40
40
40
38
40
37
38
40
40
40
40
40
40
35
40
40
38
40
40
40
40
38
40
35
40
40
40
40
40
40
36
40
20
40
40
37
40
40
40
40
40
32
40
40
40
33
38
37
40
38
40
38
40
40
40
35
35
40
40
40
36
40
40
37
40
40
40
40
40
40
34
39
40
35
40
39
40
40
40
38
34
38
38
34
40
40
32
39
40
40
40
31
40
39
38
40
40
40
34
38
32
30
40
36
39
32
38
40
35
40
40
36
36
40
40
38
40
37
32
35
40
40
40
31
39
40
40
40
40
34
33
32
39
38
40
40
39
37
40
31
40
36
32
39
40
40
40
36
26
40
40
40
37
39
38
40
40
40
37
36
40
32
40
40
39
40
40
34
40
40
39
40
37
40
40
40
39
40
40
38
40
40
40
32
33
40
40
40
40
33
40
40
40
40
40
39
40
38
35
40
40
36
37
40
40
33
35
40
40
35
40
40
40
40
36
39
40
40
40
39
37
40
34
40
35
40
40
34
37
40
40
40
40
40
40
40
39
35
35
37
32
40
40
38
40
40
40
38
40
40
40
40
40
40
36
40
31
30
39
35
40
40
40
40
39
39
29
31
40
40
39
40
40
40
40
40
40
29
40
40
39
40
39
40
36
31
40
40
35
33
32
40
40
40
38
40
40
40
37
35
40
40
35
29
40
39
40
40
39
40
38
40
27
40
24
40
40
40
40
40
39
40
38
34
40
24
40
40
33
40
40
30
25
40
36
40
37
27
35
38
27
27
40
40
40
25
40
40
39
21
40
29
36
34
40
40
40
40
35
40
40
39
40
28
40
40
40
35
38
31
34
40
35
29
40
28
32
37
40
36
40
40
40
40
40
39
40
36
40
35
36
38
38
39
34
40
26
40
40
33
40
40
35
34
28
40
33
35
40
39
40
40
40
40
40
40
29
39
40
40
40
40
29
40
35
40
40
40
40
40
39
39
40
40
40
28
40
40
40
40
40
40
40
40
39
34
40
40
40
40
40
40
40
37
40
36
40
40
40
40
37
35
40
40
37
39
40
35
40
34
40
40
40
35
40
25
40
39
40
40
38
38
37
40
40
40
40
40
37
40
40
32
40
40
40
35
40
40
40
40
39
40
39
40
36
37
40
40
40
27
40
40
40
40
40
40
40
40
40
40
32
40
40
37
40
40
40
40
37
40
38
35
40
40
40
40
40
40
40
40
40
40
40
40
40
40
36
39
36
40
40
39
40
40
40
40
40
40
40
39
40
40
40
40
40
39
40
40
40
39
40
40
40
40
40
26
40
37
40
40
40
40
22
40
32
35
40
38
39
40
40
40
23
40
40
40
40
30
40
36
36
40
35
40
40
40
30
40
32
36
40
40
40
40
40
40
40
40
40
40
40
40
40
40
24
38
35
40
35
40
40
40
34
34
40
40
40
39
40
40
33
40
40
39
40
40
34
27
39
36
34
40
40
40
35
35
40
36
40
30
39
30
40
40
40
40
40
40
40
40
40
40
33
40
34
22
26
40
40
36
40
40
37
40
40
39
38
40
40
39
40
39
39
40
39
36
40
40
37
40
40
30
40
40
40
40
40
40
40
40
40
40
40
40
40
38
38
38
40
39
39
40
36
39
40
25
37
40
29
40
38
40
37
32
39
40
40
40
28
40
40
40
31
40
40
40
40
40
36
40
40
40
40
40
30
40
29
40
40
40
40
37
40
40
36
40
40
35
37
38
40
38
38
40
40
40
33
35
35
32
38
39
32
40
32
30
35
33
32
40
40
39
26
39
27
32
40
39
40
37
40
40
40
37
40
40
40
39
40
40
35
32
40
25
40
37
36
39
40
35
40
38
40
40
34
39
40
40
36
39
34
40
37
35
40
38
40
38
35
40
30
28
38
40
40
40
40
40
35
39
26
40
40
36
40
30
40
26
40
40
40
40
40
38
30
29
29
34
38
35
38
35
38
40
40
28
30
29
32
40
29
40
40
39
32
37
36
36
40
38
40
32
40
35
27
35
38
21
27
40
40
18
33
37
40
37
40
22
36
35
37
40
34
38
31
34
34
34
37
38
40
39
39
37
40
40
27
40
39
40
25
28
28
34
40
40
40
40
33
37
39
35
30
34
35
30
36
33
35
40
28
40
38
39
40
40
34
40
36
40
37
