1073
19
20
16
12
2
28
31
30
27
32
26
30
28
30
29
27
24
26
30
31
25
27
31
31
29
28
32
30
25
25
30
34
26
30
32
26
30
28
28
27
29
29
30
28
18
32
32
31
29
30
26
33
31
27
27
24
29
25
31
23
27
24
28
27
27
30
0
26
31
26
34
30
25
29
27
26
28
30
27
24
26
31
23
30
29
32
31
31
30
29
24
31
28
25
30
30
28
26
30
30
30
27
23
17
27
30
27
30
30
32
26
29
27
32
28
28
31
27
26
26
30
29
29
29
29
32
30
30
29
27
31
30
32
27
25
30
32
27
29
30
31
29
29
31
31
31
32
30
32
34
29
30
26
27
28
28
28
31
29
29
27
32
28
28
29
28
28
31
27
20
31
32
27
26
29
28
31
28
24
28
29
29
30
26
28
31
31
27
29
29
31
31
26
26
29
31
26
31
29
28
27
32
29
31
31
33
27
26
28
30
30
29
24
34
29
29
26
31
31
28
25
28
31
28
31
25
29
30
30
30
27
29
29
29
29
32
29
29
26
32
31
28
29
28
25
27
27
31
31
28
30
29
31
23
30
32
30
32
28
27
31
29
24
30
28
30
28
23
28
32
26
29
27
30
29
32
32
32
29
30
31
32
28
27
28
26
31
29
29
28
29
30
30
31
29
32
32
29
29
31
19
22
29
25
26
25
31
29
27
29
29
30
29
31
32
28
32
30
28
30
32
30
32
29
31
33
31
31
30
28
31
32
33
30
30
29
33
28
30
29
27
28
33
32
30
29
34
26
31
26
27
32
30
24
31
27
33
34
24
30
28
29
31
29
27
32
33
30
29
29
28
31
32
31
29
29
29
34
28
30
32
31
31
29
31
31
32
27
27
33
29
28
32
31
27
31
30
27
30
29
32
27
29
31
29
27
30
28
31
31
28
28
31
32
32
30
31
28
27
29
30
28
29
27
32
29
28
26
26
32
28
34
31
28
29
28
30
26
28
28
34
29
29
30
28
27
31
30
27
35
31
27
30
23
33
27
33
27
33
28
31
29
28
28
30
26
31
29
28
27
27
30
30
30
28
29
29
29
31
30
30
26
29
30
32
28
22
29
30
26
28
29
34
31
28
32
26
30
30
25
31
30
31
29
30
32
27
31
29
34
34
30
30
28
34
27
28
33
31
30
31
32
29
30
26
30
31
29
31
29
28
30
23
32
30
27
31
28
25
32
31
32
29
30
28
29
26
32
30
32
31
32
30
27
30
29
31
32
29
30
27
29
26
29
32
26
26
29
29
33
33
33
33
33
31
29
24
31
28
31
28
30
34
29
33
28
29
29
33
29
33
28
32
29
31
30
31
29
32
27
31
29
32
30
30
30
29
28
30
33
32
31
30
35
32
30
29
25
31
27
32
26
31
31
26
31
29
30
30
27
32
26
27
28
31
31
32
35
33
29
29
28
32
29
32
32
28
31
28
30
30
30
29
28
31
28
32
31
29
31
29
32
31
27
28
33
28
31
26
29
30
30
33
32
29
29
31
31
33
29
30
29
29
32
28
30
32
30
30
29
32
31
29
30
32
29
30
30
30
33
29
32
31
30
33
28
32
30
30
31
32
28
28
32
29
32
29
27
30
29
28
33
30
28
29
30
26
30
27
29
28
29
31
30
29
31
32
31
31
35
27
29
32
33
31
31
32
28
30
33
31
34
31
31
28
32
31
31
32
32
31
28
30
31
32
30
32
30
32
31
35
29
29
33
29
33
31
33
30
29
30
29
29
32
33
30
30
27
28
26
31
32
28
29
28
28
28
32
31
32
31
26
30
30
31
32
30
32
32
28
29
30
26
29
28
27
30
32
29
27
28
27
30
30
31
32
28
31
31
30
26
28
29
30
29
29
31
32
30
30
30
32
30
31
27
30
28
30
24
27
33
32
25
28
29
29
30
32
22
27
30
31
31
29
28
32
29
30
25
29
30
25
32
31
23
31
33
31
29
33
29
29
30
33
31
29
31
32
31
32
33
28
31
31
28
31
30
30
30
33
25
31
29
25
32
32
33
32
26
29
28
32
27
34
30
32
30
28
28
28
31
30
29
24
29
28
27
33
30
29
33
32
32
31
29
34
30
30
31
27
30
31
32
31
30
30
28
29
25
32
29
30
27
31
31
28
32
32
32
28
33
27
29
32
28
29
30
33
33
27
29
33
32
30
33
28
33
31
30
31
32
31
28
29
33
29
28
31
29
30
34
33
32
35
31
31
33
31
26
28
30
34
32
32
29
29
29
30
26
30
31
27
32
35
32
31
32
33
30
24
31
31
33
27
30
30
31
30
31
29
31
34
32
30
32
31
29
29
31
28
33
31
31
29
31
28
30
27
29
29
29
31
32
22
28
32
34
29
32
29
26
30
30
31
29
31
31
29
31
28
31
20
31
